Croke Park = [53.3609245,-6.2515651] 

UserArray= 
[[53.361484, -6.251413], [53.361435, -6.251440], [53.361413, -6.251456], [53.361384, -6.251466], [53.361466, -6.251399], [53.361438, -6.251414], [53.361420, -6.251428], [53.361397, -6.251443], [53.361377, -6.251454], [53.361359, -6.251467], [53.361342, -6.251478], [53.361320, -6.251491], [53.361299, -6.251506], [53.361275, -6.251522], [53.361250, -6.251540], [53.361229, -6.251549], [53.361218, -6.251560], [53.361199, -6.251570], [53.361187, -6.251578], [53.361176, -6.251589], [53.361157, -6.251599], [53.361166, -6.251624], [53.361172, -6.251648], [53.361179, -6.251666], [53.361184, -6.251684], [53.361190, -6.251703], [53.361196, -6.251727], [53.361209, -6.251749], [53.361216, -6.251750], [53.361253, -6.251715], [53.361249, -6.251674], [53.361270, -6.251658], [53.361304, -6.251652], [53.361299, -6.251628], [53.361294, -6.251589], [53.361313, -6.251574], [53.361317, -6.251601], [53.361325, -6.251624], [53.361334, -6.251647], [53.361362, -6.251636], [53.361383, -6.251627], [53.361406, -6.251612], [53.361419, -6.251603], [53.361439, -6.251591], [53.361456, -6.251589], [53.361478, -6.251573], [53.361504, -6.251562], [53.361510, -6.251513], [53.361502, -6.251466], [53.361478, -6.251466], [53.361460, -6.251493], [53.361448, -6.251507], [53.361437, -6.251511], [53.361418, -6.251528], [53.361409, -6.251541], [53.361386, -6.251541], [53.361373, -6.251553], [53.361353, -6.251565]]

Cork Park Boundary= 
[[53.361547, -6.252126], [53.361483, -6.252163], [53.361397, -6.252217], [53.361323, -6.252249], [53.361253, -6.252319], [53.361157, -6.252378], [53.361080, -6.252458], [53.360977, -6.252490], [53.360897, -6.252560], [53.360753, -6.252630], [53.360609, -6.252716], [53.360452, -6.252796], [53.360292, -6.252882], [53.360081, -6.252844], [53.360010, -6.252863], [53.359777, -6.252437], [53.359719, -6.252077], [53.359580, -6.251452], [53.359450, -6.250908], [53.359530, -6.250345], [53.359714, -6.250125], [53.359860, -6.250066], [53.359874, -6.250125], [53.360225, -6.249883], [53.360398, -6.249808], [53.360478, -6.249720], [53.360614, -6.249690], [53.360755, -6.249612], [53.360923, -6.249500], [53.360897, -6.249524]]

to DB

UserArray = [[-6.251413, 53.361484], [-6.25144, 53.361435], [-6.251456, 53.361413], [-6.251466, 53.361384], [-6.251399, 53.361466], [-6.251414, 53.361438], [-6.251428, 53.36142], [-6.251443, 53.361397], [-6.251454, 53.361377], [-6.251467, 53.361359], [-6.251478, 53.361342], [-6.251491, 53.36132], [-6.251506, 53.361299], [-6.251522, 53.361275], [-6.25154, 53.36125], [-6.251549, 53.361229], [-6.25156, 53.361218], [-6.25157, 53.361199], [-6.251578, 53.361187], [-6.251589, 53.361176], [-6.251599, 53.361157], [-6.251624, 53.361166], [-6.251648, 53.361172], [-6.251666, 53.361179], [-6.251684, 53.361184], [-6.251703, 53.36119], [-6.251727, 53.361196], [-6.251749, 53.361209], [-6.25175, 53.361216], [-6.251715, 53.361253], [-6.251674, 53.361249], [-6.251658, 53.36127], [-6.251652, 53.361304], [-6.251628, 53.361299], [-6.251589, 53.361294], [-6.251574, 53.361313], [-6.251601, 53.361317], [-6.251624, 53.361325], [-6.251647, 53.361334], [-6.251636, 53.361362], [-6.251627, 53.361383], [-6.251612, 53.361406], [-6.251603, 53.361419], [-6.251591, 53.361439], [-6.251589, 53.361456], [-6.251573, 53.361478], [-6.251562, 53.361504], [-6.251513, 53.36151], [-6.251466, 53.361502], [-6.251466, 53.361478], [-6.251493, 53.36146], [-6.251507, 53.361448], [-6.251511, 53.361437], [-6.251528, 53.361418], [-6.251541, 53.361409], [-6.251541, 53.361386], [-6.251553, 53.361373], [-6.251565, 53.361353], [-6.252126, 53.361547], [-6.252163, 53.361483], [-6.252217, 53.361397], [-6.252249, 53.361323], [-6.252319, 53.361253], [-6.252378, 53.361157], [-6.252458, 53.36108], [-6.25249, 53.360977], [-6.25256, 53.360897], [-6.25263, 53.360753], [-6.252716, 53.360609], [-6.252796, 53.360452], [-6.252882, 53.360292], [-6.252844, 53.360081], [-6.252863, 53.36001], [-6.252437, 53.359777], [-6.252077, 53.359719], [-6.251452, 53.35958], [-6.250908, 53.35945], [-6.250345, 53.35953], [-6.250125, 53.359714], [-6.250066, 53.35986], [-6.250125, 53.359874], [-6.249883, 53.360225], [-6.249808, 53.360398], [-6.24972, 53.360478], [-6.24969, 53.360614], [-6.249612, 53.360755], [-6.2495, 53.360923], [-6.249524, 53.360897]]


8*****************************************************************


Min Height
[[53.361208, -6.251547], [53.361023, -6.251665], [53.360811, -6.251794], [53.360587, -6.251923], [53.360357, -6.252089], [53.360206, -6.252201], [53.360149, -6.251949], [53.360088, -6.251665], [53.360011, -6.251311], [53.359934, -6.250962], [53.359998, -6.250726], [53.360174, -6.250614], [53.360309, -6.250555], [53.360453, -6.250453], [53.360651, -6.250340], [53.360875, -6.250211], [53.361003, -6.250125], 

Max Height
[53.360907, -6.249766], [53.360712, -6.249889], [53.360542, -6.249997], [53.360350, -6.250104], [53.360187, -6.250195], [53.359924, -6.250361], [53.359966, -6.250356], [53.359755, -6.250544], [53.359716, -6.251155], [53.359841, -6.251617], [53.359924, -6.251982], [53.360049, -6.252384], [53.360273, -6.252459], [53.360462, -6.252346], [53.360690, -6.252271], [53.360853, -6.252142], [53.361087, -6.252008], [53.361330, -6.251831]]

[[53.360907, -6.249766], [53.360712, -6.249889], [53.360350, -6.250104],  [53.359924, -6.250361],  [53.359755, -6.250544],  [53.359841, -6.251617], [53.360049, -6.252384], [53.360462, -6.252346],  [53.360853, -6.252142], [53.361087, -6.252008]]
/////////////////////////////////////



[[53.361208, -6.251547], [53.361023, -6.251665], [53.360587, -6.251923], [53.360206, -6.252201], [53.360088, -6.251665], [53.359934, -6.250962], [53.360174, -6.250614], [53.360453, -6.250453],[53.360875, -6.250211], [53.361003, -6.250125], [53.360907, -6.249766], [53.360712, -6.249889], [53.360350, -6.250104], [53.359924, -6.250361],  [53.359755, -6.250544],  [53.359841, -6.251617], [53.360049, -6.252384], [53.360462, -6.252346],  [53.360853, -6.252142], [53.361087, -6.252008]]